# grids == 16 cells
Comments about contents go here
PPT.DAY.grid is just an example, not anything real

GRIDid x-coord (alb) y-coord (alb) elev (m)
     1      630500.0     1673500.0    151.8
     2      631500.0     1673500.0    152.0
     3      632500.0     1673500.0    146.0
     4      633500.0     1673500.0    142.2
     5      630500.0     1674500.0    137.2
     6      631500.0     1674500.0    132.1
     7      632500.0     1674500.0    130.0
     8      633500.0     1674500.0    125.9
     9      630500.0     1675500.0    130.1
    10      631500.0     1675500.0    139.2
    11      632500.0     1675500.0    151.6
    12      633500.0     1675500.0    148.9
    13      630500.0     1676500.0    144.1
    14      631500.0     1676500.0    149.7
    15      632500.0     1676500.0    151.0
    16      633500.0     1676500.0    143.9